0.070408 0.578439 0
0.070589 0.704313 1
0.070863 1.217423 2
0.071045 1.471258 3
0.071077 1.215552 4
0.071111 1.215553 5
0.072188 0.969899 6
0.072258 0.846549 7
0.073924 1.114994 8
0.074307 1.448323 9
0.075640 0.895972 10
0.076629 0.490391 11
0.077632 0.868591 12
0.078461 0.467180 13
0.079861 0.786627 14
0.080409 1.143166 15
0.080555 0.786549 16
0.081250 0.786556 17
0.081872 0.786646 18
0.082101 0.786816 19
0.083087 1.959801 20
0.085858 1.524069 21
0.086932 1.743280 22
0.090277 0.969942 23
0.090548 1.778365 24
0.092166 1.264930 25
0.092742 2.213588 26
0.093356 1.265145 27
0.094016 1.122610 28
0.094698 0.989119 29
0.096601 2.802900 30
0.098065 2.210124 31
0.101278 1.378327 32
0.101732 1.318283 33
0.102380 0.663243 34
0.105820 0.630104 35
0.106735 3.517282 36
0.107954 1.122614 37
0.111607 4.183965 38
0.112092 3.180275 39
0.113959 1.281385 40
0.115944 1.648311 41
0.116311 3.630645 42
0.118686 3.999124 43
0.120370 1.264921 44
0.123581 4.198135 45
0.127778 0.899996 46
0.128055 2.106978 47
0.129594 4.254457 48
0.131231 3.777107 49
0.133044 2.546945 50
0.135346 4.476803 51
0.136112 3.834806 52
0.140351 4.190792 53
0.141632 5.772338 54
0.143939 0.807836 55
0.150000 4.185559 56
0.150615 6.230537 57
0.151110 1.055171 58
0.152777 6.004479 59
0.154412 4.489063 60
0.155302 2.986106 61
0.157258 6.165504 62
0.159143 6.034940 63
0.159483 1.407744 64
0.159782 7.437086 65
0.165413 4.279961 66
0.168751 3.292546 67
0.176015 3.159208 68
0.176786 5.881531 69
0.178743 7.142045 70
0.187943 7.073654 71
0.190474 6.989924 72
0.198925 9.915218 73
0.199205 11.127136 74
0.200001 7.471861 75
0.204600 9.533493 76
0.205418 10.890222 77
0.206667 7.316208 78
0.211539 7.828738 79
0.220590 10.254371 80
0.222727 8.150344 81
0.227777 11.503696 82
0.231248 11.644053 83
0.233335 8.190909 84
0.234484 8.441624 85
0.234774 10.151595 86
0.270832 7.499388 87
0.273807 7.406499 88
0.277028 9.090312 89
0.277778 9.999406 90
0.281248 7.142268 91
0.283332 9.090034 92
0.285102 13.332472 93
0.287037 7.141991 94
0.294872 6.895708 95
0.301077 8.570742 96
